   3.000000E+00   3.000000E+00   3.000000E+00   3.000000E+00   3.000000E+00   3.000000E+00   3.000000E+00   3.000000E+00   3.000000E+00   3.000000E+00   3.000000E+00   3.000000E+00   3.000000E+00   3.000000E+00   3.000000E+00   3.000000E+00   3.000000E+00   3.000000E+00   3.000000E+00   3.000000E+00
   3.000000E+00   3.000000E+00   3.000000E+00   3.000000E+00   3.000000E+00   3.000000E+00   3.000000E+00   3.000000E+00   3.000000E+00   3.000000E+00   3.000000E+00   3.000000E+00   3.000000E+00   3.000000E+00   3.000000E+00   3.000000E+00   3.000000E+00   3.000000E+00   3.000000E+00   3.000000E+00
   3.000000E+00   3.000000E+00   3.000000E+00   3.000000E+00   3.000000E+00   3.000000E+00   3.000000E+00   3.000000E+00   3.000000E+00   3.000000E+00   3.000000E+00   3.000000E+00   3.000000E+00   3.000000E+00   3.000000E+00   3.000000E+00   3.000000E+00   3.000000E+00   3.000000E+00   3.000000E+00
   3.000000E+00   3.000000E+00   3.000000E+00   3.000000E+00   3.000000E+00   3.000000E+00   3.000000E+00   3.000000E+00   3.000000E+00   3.000000E+00   3.000000E+00   3.000000E+00   3.000000E+00   3.000000E+00   3.000000E+00   3.000000E+00   3.000000E+00   3.000000E+00   3.000000E+00   3.000000E+00
   3.000000E+00   3.000000E+00   3.000000E+00   3.000000E+00   3.000000E+00   3.000000E+00   3.000000E+00   3.000000E+00   3.000000E+00   3.000000E+00   3.000000E+00   3.000000E+00   3.000000E+00   3.000000E+00   3.000000E+00   3.000000E+00   3.000000E+00   3.000000E+00   3.000000E+00   3.000000E+00
   3.000000E+00   3.000000E+00   3.000000E+00   3.000000E+00   3.000000E+00   3.000000E+00   3.000000E+00   3.000000E+00   3.000000E+00   3.000000E+00   3.000000E+00   3.000000E+00   3.000000E+00   3.000000E+00   3.000000E+00   3.000000E+00   3.000000E+00   3.000000E+00   3.000000E+00   3.000000E+00
   3.000000E+00   3.000000E+00   3.000000E+00   3.000000E+00   3.000000E+00   3.000000E+00   3.000000E+00   3.000000E+00   3.000000E+00   3.000000E+00   3.000000E+00   3.000000E+00   3.000000E+00   3.000000E+00   3.000000E+00   3.000000E+00   3.000000E+00   3.000000E+00   3.000000E+00   3.000000E+00
   3.000000E+00   3.000000E+00   3.000000E+00   3.000000E+00   3.000000E+00   3.000000E+00   3.000000E+00   3.000000E+00   3.000000E+00   3.000000E+00   3.000000E+00   3.000000E+00   3.000000E+00   3.000000E+00   3.000000E+00   3.000000E+00   3.000000E+00   3.000000E+00   3.000000E+00   3.000000E+00
   3.000000E+00   3.000000E+00   3.000000E+00   3.000000E+00   3.000000E+30   3.000000E+30   3.000000E+30   3.000000E+00   3.000000E+00   3.000000E+00   3.000000E+00   3.000000E+00   3.000000E+00   3.000000E+00   3.000000E+00   3.000000E+00   3.000000E+00   3.000000E+00   3.000000E+00   3.000000E+00
   3.000000E+00   3.000000E+00   3.000000E+00   3.000000E+00   3.000000E+30   3.000000E+30   3.000000E+30   3.000000E+30   3.000000E+00   3.000000E+00   3.000000E+00   3.000000E+00   3.000000E+00   3.000000E+00   3.000000E+00   3.000000E+00   3.000000E+00   3.000000E+00   3.000000E+00   3.000000E+00
   3.000000E+00   3.000000E+00   3.000000E+00   3.000000E+00   3.000000E+30   3.000000E+30   3.000000E+30   3.000000E+30   3.000000E+00   3.000000E+00   3.000000E+00   3.000000E+00   3.000000E+00   3.000000E+00   3.000000E+00   3.000000E+00   3.000000E+00   3.000000E+00   3.000000E+00   3.000000E+00
   3.000000E+00   3.000000E+00   3.000000E+00   3.000000E+00   3.000000E+30   3.000000E+30   3.000000E+30   3.000000E+30   3.000000E+00   3.000000E+00   3.000000E+00   3.000000E+00   3.000000E+00   3.000000E+00   3.000000E+00   3.000000E+00   3.000000E+00   3.000000E+00   3.000000E+00   3.000000E+00
   3.000000E+00   3.000000E+00   3.000000E+00   3.000000E+00   3.000000E+30   3.000000E+30   3.000000E+30   3.000000E+30   3.000000E+00   3.000000E+00   3.000000E+00   3.000000E+00   3.000000E+00   3.000000E+00   3.000000E+00   3.000000E+00   3.000000E+00   3.000000E+00   3.000000E+00   3.000000E+00
   3.000000E+00   3.000000E+00   3.000000E+00   3.000000E+00   3.000000E+30   3.000000E+30   3.000000E+30   3.000000E+30   3.000000E+00   3.000000E+00   3.000000E+00   3.000000E+00   3.000000E+00   3.000000E+00   3.000000E+00   3.000000E+00   3.000000E+00   3.000000E+00   3.000000E+00   3.000000E+00
   3.000000E+00   3.000000E+00   3.000000E+00   3.000000E+00   3.000000E+30   3.000000E+30   3.000000E+30   3.000000E+30   3.000000E+00   3.000000E+00   3.000000E+00   3.000000E+00   3.000000E+00   3.000000E+00   3.000000E+00   3.000000E+00   3.000000E+00   3.000000E+00   3.000000E+00   3.000000E+00
   3.000000E+00   3.000000E+00   3.000000E+00   3.000000E+00   3.000000E+30   3.000000E+30   3.000000E+30   3.000000E+30   3.000000E+00   3.000000E+00   3.000000E+00   3.000000E+00   3.000000E+00   3.000000E+00   3.000000E+00   3.000000E+00   3.000000E+00   3.000000E+00   3.000000E+00   3.000000E+00
   3.000000E+00   3.000000E+00   3.000000E+00   3.000000E+00   3.000000E+30   3.000000E+30   3.000000E+30   3.000000E+30   3.000000E+00   3.000000E+00   3.000000E+00   3.000000E+00   3.000000E+00   3.000000E+00   3.000000E+00   3.000000E+00   3.000000E+00   3.000000E+00   3.000000E+00   3.000000E+00
   3.000000E+00   3.000000E+00   3.000000E+00   3.000000E+00   3.000000E+30   3.000000E+30   3.000000E+30   3.000000E+30   3.000000E+00   3.000000E+00   3.000000E+00   3.000000E+00   3.000000E+00   3.000000E+00   3.000000E+00   3.000000E+00   3.000000E+00   3.000000E+00   3.000000E+00   3.000000E+00
   3.000000E+00   3.000000E+00   3.000000E+00   3.000000E+00   3.000000E+30   3.000000E+30   3.000000E+30   3.000000E+30   3.000000E+00   3.000000E+00   3.000000E+00   3.000000E+00   3.000000E+00   3.000000E+00   3.000000E+00   3.000000E+00   3.000000E+00   3.000000E+00   3.000000E+00   3.000000E+00
   3.000000E+00   3.000000E+00   3.000000E+00   3.000000E+00   3.000000E+30   3.000000E+30   3.000000E+30   3.000000E+30   3.000000E+00   3.000000E+00   3.000000E+00   3.000000E+00   3.000000E+00   3.000000E+00   3.000000E+00   3.000000E+00   3.000000E+00   3.000000E+00   3.000000E+00   3.000000E+00
   3.000000E+00   3.000000E+00   3.000000E+00   3.000000E+00   3.000000E+30   3.000000E+30   3.000000E+30   3.000000E+30   3.000000E+00   3.000000E+00   3.000000E+00   3.000000E+00   3.000000E+00   3.000000E+00   3.000000E+00   3.000000E+00   3.000000E+00   3.000000E+00   3.000000E+00   3.000000E+00
   3.000000E+00   3.000000E+00   3.000000E+00   3.000000E+00   3.000000E+30   3.000000E+30   3.000000E+00   3.000000E+00   3.000000E+00   3.000000E+00   3.000000E+00   3.000000E+00   3.000000E+00   3.000000E+00   3.000000E+00   3.000000E+00   3.000000E+00   3.000000E+00   3.000000E+00   3.000000E+00
   3.000000E+00   3.000000E+00   3.000000E+00   3.000000E+00   3.000000E+00   3.000000E+30   3.000000E+00   3.000000E+00   3.000000E+00   3.000000E+00   3.000000E+00   3.000000E+00   3.000000E+00   3.000000E+00   3.000000E+00   3.000000E+00   3.000000E+00   3.000000E+00   3.000000E+00   3.000000E+00
   3.000000E+00   3.000000E+00   3.000000E+00   3.000000E+00   3.000000E+00   3.000000E+00   3.000000E+00   3.000000E+00   3.000000E+00   3.000000E+00   3.000000E+00   3.000000E+00   3.000000E+00   3.000000E+00   3.000000E+00   3.000000E+00   3.000000E+00   3.000000E+00   3.000000E+00   3.000000E+00
   3.000000E+00   3.000000E+00   3.000000E+00   3.000000E+00   3.000000E+00   3.000000E+00   3.000000E+00   3.000000E+00   3.000000E+00   3.000000E+00   3.000000E+00   3.000000E+00   3.000000E+00   3.000000E+00   3.000000E+00   3.000000E+00   3.000000E+00   3.000000E+00   3.000000E+00   3.000000E+00
   3.000000E+00   3.000000E+00   3.000000E+00   3.000000E+00   3.000000E+00   3.000000E+00   3.000000E+00   3.000000E+00   3.000000E+00   3.000000E+00   3.000000E+00   3.000000E+00   3.000000E+00   3.000000E+00   3.000000E+00   3.000000E+00   3.000000E+00   3.000000E+00   3.000000E+00   3.000000E+00
   3.000000E+00   3.000000E+00   3.000000E+00   3.000000E+00   3.000000E+00   3.000000E+00   3.000000E+00   3.000000E+00   3.000000E+00   3.000000E+00   3.000000E+00   3.000000E+00   3.000000E+00   3.000000E+00   3.000000E+00   3.000000E+00   3.000000E+00   3.000000E+00   3.000000E+00   3.000000E+00
   3.000000E+00   3.000000E+00   3.000000E+00   3.000000E+00   3.000000E+00   3.000000E+00   3.000000E+00   3.000000E+00   3.000000E+00   3.000000E+00   3.000000E+00   3.000000E+00   3.000000E+00   3.000000E+00   3.000000E+00   3.000000E+00   3.000000E+00   3.000000E+00   3.000000E+00   3.000000E+00
   3.000000E+00   3.000000E+00   3.000000E+00   3.000000E+00   3.000000E+00   3.000000E+00   3.000000E+00   3.000000E+00   3.000000E+00   3.000000E+00   3.000000E+00   3.000000E+00   3.000000E+00   3.000000E+00   3.000000E+00   3.000000E+00   3.000000E+00   3.000000E+00   3.000000E+00   3.000000E+00
   3.000000E+00   3.000000E+00   3.000000E+00   3.000000E+00   3.000000E+00   3.000000E+00   3.000000E+00   3.000000E+00   3.000000E+00   3.000000E+00   3.000000E+00   3.000000E+00   3.000000E+00   3.000000E+00   3.000000E+00   3.000000E+00   3.000000E+00   3.000000E+00   3.000000E+00   3.000000E+00
   3.000000E+00   3.000000E+00   3.000000E+00   3.000000E+00   3.000000E+00   3.000000E+00   3.000000E+00   3.000000E+00   3.000000E+00   3.000000E+00   3.000000E+00   3.000000E+00   3.000000E+00   3.000000E+00   3.000000E+00   3.000000E+00   3.000000E+00   3.000000E+00   3.000000E+00   3.000000E+00
   3.000000E+00   3.000000E+00   3.000000E+00   3.000000E+00   3.000000E+00   3.000000E+00   3.000000E+00   3.000000E+00   3.000000E+00   3.000000E+00   3.000000E+00   3.000000E+00   3.000000E+00   3.000000E+00   3.000000E+00   3.000000E+00   3.000000E+00   3.000000E+00   3.000000E+00   3.000000E+00
   3.000000E+30   3.000000E+00   3.000000E+00   3.000000E+00   3.000000E+00   3.000000E+00   3.000000E+00   3.000000E+00   3.000000E+00   3.000000E+00   3.000000E+00   3.000000E+00   3.000000E+00   3.000000E+00   3.000000E+00   3.000000E+00   3.000000E+00   3.000000E+00   3.000000E+00   3.000000E+00
   3.000000E+30   3.000000E+30   3.000000E+00   3.000000E+00   3.000000E+00   3.000000E+00   3.000000E+00   3.000000E+00   3.000000E+00   3.000000E+00   3.000000E+00   3.000000E+00   3.000000E+00   3.000000E+00   3.000000E+00   3.000000E+00   3.000000E+00   3.000000E+00   3.000000E+00   3.000000E+00
   3.000000E+30   3.000000E+30   3.000000E+30   3.000000E+00   3.000000E+00   3.000000E+00   3.000000E+00   3.000000E+00   3.000000E+00   3.000000E+00   3.000000E+00   3.000000E+00   3.000000E+00   3.000000E+00   3.000000E+00   3.000000E+00   3.000000E+00   3.000000E+00   3.000000E+00   3.000000E+00
   3.000000E+30   3.000000E+30   3.000000E+30   3.000000E+30   3.000000E+00   3.000000E+00   3.000000E+00   3.000000E+00   3.000000E+00   3.000000E+00   3.000000E+00   3.000000E+00   3.000000E+00   3.000000E+00   3.000000E+00   3.000000E+00   3.000000E+00   3.000000E+00   3.000000E+00   3.000000E+30
   3.000000E+30   3.000000E+30   3.000000E+30   3.000000E+30   3.000000E+00   3.000000E+00   3.000000E+00   3.000000E+00   3.000000E+00   3.000000E+00   3.000000E+00   3.000000E+00   3.000000E+00   3.000000E+00   3.000000E+00   3.000000E+00   3.000000E+00   3.000000E+00   3.000000E+00   3.000000E+30
   3.000000E+30   3.000000E+30   3.000000E+30   3.000000E+30   3.000000E+30   3.000000E+00   3.000000E+00   3.000000E+00   3.000000E+00   3.000000E+00   3.000000E+00   3.000000E+00   3.000000E+00   3.000000E+00   3.000000E+00   3.000000E+00   3.000000E+00   3.000000E+00   3.000000E+30   3.000000E+30
   3.000000E+30   3.000000E+30   3.000000E+30   3.000000E+30   3.000000E+30   3.000000E+00   3.000000E+00   3.000000E+00   3.000000E+00   3.000000E+00   3.000000E+00   3.000000E+00   3.000000E+00   3.000000E+00   3.000000E+00   3.000000E+00   3.000000E+00   3.000000E+30   3.000000E+30   3.000000E+30
   3.000000E+30   3.000000E+30   3.000000E+30   3.000000E+30   3.000000E+30   3.000000E+00   3.000000E+00   3.000000E+00   3.000000E+00   3.000000E+00   3.000000E+00   3.000000E+00   3.000000E+00   3.000000E+00   3.000000E+00   3.000000E+00   3.000000E+30   3.000000E+30   3.000000E+30   3.000000E+30
