   3.000000E+01   3.000000E+01   3.000000E+01   3.000000E+01   3.000000E+01   3.000000E+01   3.000000E+01   3.000000E+01   3.000000E+01   3.000000E+01   3.000000E+01   3.000000E+01   3.000000E+01   3.000000E+01   3.000000E+01   3.000000E+01   3.000000E+01   3.000000E+01   3.000000E+01   3.000000E+01
   3.000000E+01   3.000000E+01   3.000000E+01   3.000000E+01   3.000000E+01   3.000000E+01   3.000000E+01   3.000000E+01   3.000000E+01   3.000000E+01   3.000000E+01   3.000000E+01   3.000000E+01   3.000000E+01   3.000000E+01   3.000000E+01   3.000000E+01   3.000000E+01   3.000000E+01   3.000000E+01
   3.000000E+01   3.000000E+01   3.000000E+01   3.000000E+01   3.000000E+01   3.000000E+01   3.000000E+01   3.000000E+01   3.000000E+01   3.000000E+01   3.000000E+01   3.000000E+01   3.000000E+01   3.000000E+01   3.000000E+01   3.000000E+01   3.000000E+01   3.000000E+01   3.000000E+01   3.000000E+01
   3.000000E+01   3.000000E+01   3.000000E+01   3.000000E+01   3.000000E+01   3.000000E+01   3.000000E+01   3.000000E+01   3.000000E+01   3.000000E+01   3.000000E+01   3.000000E+01   3.000000E+01   3.000000E+01   3.000000E+01   3.000000E+01   3.000000E+01   3.000000E+01   3.000000E+01   3.000000E+01
   3.000000E+01   3.000000E+01   3.000000E+01   3.000000E+01   3.000000E+01   3.000000E+01   3.000000E+01   3.000000E+01   3.000000E+01   3.000000E+01   3.000000E+01   3.000000E+01   3.000000E+01   3.000000E+01   3.000000E+01   3.000000E+01   3.000000E+01   3.000000E+01   3.000000E+01   3.000000E+01
   3.000000E+01   3.000000E+01   3.000000E+01   3.000000E+01   3.000000E+01   3.000000E+01   3.000000E+01   3.000000E+01   3.000000E+01   3.000000E+01   3.000000E+01   3.000000E+01   3.000000E+01   3.000000E+01   3.000000E+01   3.000000E+01   3.000000E+01   3.000000E+01   3.000000E+01   3.000000E+01
   3.000000E+01   3.000000E+01   3.000000E+01   3.000000E+01   3.000000E+01   3.000000E+01   3.000000E+01   3.000000E+01   3.000000E+01   3.000000E+01   3.000000E+01   3.000000E+01   3.000000E+01   3.000000E+01   3.000000E+01   3.000000E+01   3.000000E+01   3.000000E+01   3.000000E+01   3.000000E+01
   3.000000E+01   3.000000E+01   3.000000E+01   3.000000E+01   3.000000E+01   3.000000E+01   3.000000E+01   3.000000E+01   3.000000E+01   3.000000E+01   3.000000E+01   3.000000E+01   3.000000E+01   3.000000E+01   3.000000E+01   3.000000E+01   3.000000E+01   3.000000E+01   3.000000E+01   3.000000E+01
   3.000000E+01   3.000000E+01   3.000000E+01   3.000000E+01   3.000000E+31   3.000000E+31   3.000000E+31   3.000000E+01   3.000000E+01   3.000000E+01   3.000000E+01   3.000000E+01   3.000000E+01   3.000000E+01   3.000000E+01   3.000000E+01   3.000000E+01   3.000000E+01   3.000000E+01   3.000000E+01
   3.000000E+01   3.000000E+01   3.000000E+01   3.000000E+01   3.000000E+31   3.000000E+31   3.000000E+31   3.000000E+31   3.000000E+01   3.000000E+01   3.000000E+01   3.000000E+01   3.000000E+01   3.000000E+01   3.000000E+01   3.000000E+01   3.000000E+01   3.000000E+01   3.000000E+01   3.000000E+01
   3.000000E+01   3.000000E+01   3.000000E+01   3.000000E+01   3.000000E+31   3.000000E+31   3.000000E+31   3.000000E+31   3.000000E+01   3.000000E+01   3.000000E+01   3.000000E+01   3.000000E+01   3.000000E+01   3.000000E+01   3.000000E+01   3.000000E+01   3.000000E+01   3.000000E+01   3.000000E+01
   3.000000E+01   3.000000E+01   3.000000E+01   3.000000E+01   3.000000E+31   3.000000E+31   3.000000E+31   3.000000E+31   3.000000E+01   3.000000E+01   3.000000E+01   3.000000E+01   3.000000E+01   3.000000E+01   3.000000E+01   3.000000E+01   3.000000E+01   3.000000E+01   3.000000E+01   3.000000E+01
   3.000000E+01   3.000000E+01   3.000000E+01   3.000000E+01   3.000000E+31   3.000000E+31   3.000000E+31   3.000000E+31   3.000000E+01   3.000000E+01   3.000000E+01   3.000000E+01   3.000000E+01   3.000000E+01   3.000000E+01   3.000000E+01   3.000000E+01   3.000000E+01   3.000000E+01   3.000000E+01
   3.000000E+01   3.000000E+01   3.000000E+01   3.000000E+01   3.000000E+31   3.000000E+31   3.000000E+31   3.000000E+31   3.000000E+01   3.000000E+01   3.000000E+01   3.000000E+01   3.000000E+01   3.000000E+01   3.000000E+01   3.000000E+01   3.000000E+01   3.000000E+01   3.000000E+01   3.000000E+01
   3.000000E+01   3.000000E+01   3.000000E+01   3.000000E+01   3.000000E+31   3.000000E+31   3.000000E+31   3.000000E+31   3.000000E+01   3.000000E+01   3.000000E+01   3.000000E+01   3.000000E+01   3.000000E+01   3.000000E+01   3.000000E+01   3.000000E+01   3.000000E+01   3.000000E+01   3.000000E+01
   3.000000E+01   3.000000E+01   3.000000E+01   3.000000E+01   3.000000E+31   3.000000E+31   3.000000E+31   3.000000E+31   3.000000E+01   3.000000E+01   3.000000E+01   3.000000E+01   3.000000E+01   3.000000E+01   3.000000E+01   3.000000E+01   3.000000E+01   3.000000E+01   3.000000E+01   3.000000E+01
   3.000000E+01   3.000000E+01   3.000000E+01   3.000000E+01   3.000000E+31   3.000000E+31   3.000000E+31   3.000000E+31   3.000000E+01   3.000000E+01   3.000000E+01   3.000000E+01   3.000000E+01   3.000000E+01   3.000000E+01   3.000000E+01   3.000000E+01   3.000000E+01   3.000000E+01   3.000000E+01
   3.000000E+01   3.000000E+01   3.000000E+01   3.000000E+01   3.000000E+31   3.000000E+31   3.000000E+31   3.000000E+31   3.000000E+01   3.000000E+01   3.000000E+01   3.000000E+01   3.000000E+01   3.000000E+01   3.000000E+01   3.000000E+01   3.000000E+01   3.000000E+01   3.000000E+01   3.000000E+01
   3.000000E+01   3.000000E+01   3.000000E+01   3.000000E+01   3.000000E+31   3.000000E+31   3.000000E+31   3.000000E+31   3.000000E+01   3.000000E+01   3.000000E+01   3.000000E+01   3.000000E+01   3.000000E+01   3.000000E+01   3.000000E+01   3.000000E+01   3.000000E+01   3.000000E+01   3.000000E+01
   3.000000E+01   3.000000E+01   3.000000E+01   3.000000E+01   3.000000E+31   3.000000E+31   3.000000E+31   3.000000E+31   3.000000E+01   3.000000E+01   3.000000E+01   3.000000E+01   3.000000E+01   3.000000E+01   3.000000E+01   3.000000E+01   3.000000E+01   3.000000E+01   3.000000E+01   3.000000E+01
   3.000000E+01   3.000000E+01   3.000000E+01   3.000000E+01   3.000000E+31   3.000000E+31   3.000000E+31   3.000000E+31   3.000000E+01   3.000000E+01   3.000000E+01   3.000000E+01   3.000000E+01   3.000000E+01   3.000000E+01   3.000000E+01   3.000000E+01   3.000000E+01   3.000000E+01   3.000000E+01
   3.000000E+01   3.000000E+01   3.000000E+01   3.000000E+01   3.000000E+31   3.000000E+31   3.000000E+01   3.000000E+01   3.000000E+01   3.000000E+01   3.000000E+01   3.000000E+01   3.000000E+01   3.000000E+01   3.000000E+01   3.000000E+01   3.000000E+01   3.000000E+01   3.000000E+01   3.000000E+01
   3.000000E+01   3.000000E+01   3.000000E+01   3.000000E+01   3.000000E+01   3.000000E+31   3.000000E+01   3.000000E+01   3.000000E+01   3.000000E+01   3.000000E+01   3.000000E+01   3.000000E+01   3.000000E+01   3.000000E+01   3.000000E+01   3.000000E+01   3.000000E+01   3.000000E+01   3.000000E+01
   3.000000E+01   3.000000E+01   3.000000E+01   3.000000E+01   3.000000E+01   3.000000E+01   3.000000E+01   3.000000E+01   3.000000E+01   3.000000E+01   3.000000E+01   3.000000E+01   3.000000E+01   3.000000E+01   3.000000E+01   3.000000E+01   3.000000E+01   3.000000E+01   3.000000E+01   3.000000E+01
   3.000000E+01   3.000000E+01   3.000000E+01   3.000000E+01   3.000000E+01   3.000000E+01   3.000000E+01   3.000000E+01   3.000000E+01   3.000000E+01   3.000000E+01   3.000000E+01   3.000000E+01   3.000000E+01   3.000000E+01   3.000000E+01   3.000000E+01   3.000000E+01   3.000000E+01   3.000000E+01
   3.000000E+01   3.000000E+01   3.000000E+01   3.000000E+01   3.000000E+01   3.000000E+01   3.000000E+01   3.000000E+01   3.000000E+01   3.000000E+01   3.000000E+01   3.000000E+01   3.000000E+01   3.000000E+01   3.000000E+01   3.000000E+01   3.000000E+01   3.000000E+01   3.000000E+01   3.000000E+01
   3.000000E+01   3.000000E+01   3.000000E+01   3.000000E+01   3.000000E+01   3.000000E+01   3.000000E+01   3.000000E+01   3.000000E+01   3.000000E+01   3.000000E+01   3.000000E+01   3.000000E+01   3.000000E+01   3.000000E+01   3.000000E+01   3.000000E+01   3.000000E+01   3.000000E+01   3.000000E+01
   3.000000E+01   3.000000E+01   3.000000E+01   3.000000E+01   3.000000E+01   3.000000E+01   3.000000E+01   3.000000E+01   3.000000E+01   3.000000E+01   3.000000E+01   3.000000E+01   3.000000E+01   3.000000E+01   3.000000E+01   3.000000E+01   3.000000E+01   3.000000E+01   3.000000E+01   3.000000E+01
   3.000000E+01   3.000000E+01   3.000000E+01   3.000000E+01   3.000000E+01   3.000000E+01   3.000000E+01   3.000000E+01   3.000000E+01   3.000000E+01   3.000000E+01   3.000000E+01   3.000000E+01   3.000000E+01   3.000000E+01   3.000000E+01   3.000000E+01   3.000000E+01   3.000000E+01   3.000000E+01
   3.000000E+01   3.000000E+01   3.000000E+01   3.000000E+01   3.000000E+01   3.000000E+01   3.000000E+01   3.000000E+01   3.000000E+01   3.000000E+01   3.000000E+01   3.000000E+01   3.000000E+01   3.000000E+01   3.000000E+01   3.000000E+01   3.000000E+01   3.000000E+01   3.000000E+01   3.000000E+01
   3.000000E+01   3.000000E+01   3.000000E+01   3.000000E+01   3.000000E+01   3.000000E+01   3.000000E+01   3.000000E+01   3.000000E+01   3.000000E+01   3.000000E+01   3.000000E+01   3.000000E+01   3.000000E+01   3.000000E+01   3.000000E+01   3.000000E+01   3.000000E+01   3.000000E+01   3.000000E+01
   3.000000E+01   3.000000E+01   3.000000E+01   3.000000E+01   3.000000E+01   3.000000E+01   3.000000E+01   3.000000E+01   3.000000E+01   3.000000E+01   3.000000E+01   3.000000E+01   3.000000E+01   3.000000E+01   3.000000E+01   3.000000E+01   3.000000E+01   3.000000E+01   3.000000E+01   3.000000E+01
   3.000000E+31   3.000000E+01   3.000000E+01   3.000000E+01   3.000000E+01   3.000000E+01   3.000000E+01   3.000000E+01   3.000000E+01   3.000000E+01   3.000000E+01   3.000000E+01   3.000000E+01   3.000000E+01   3.000000E+01   3.000000E+01   3.000000E+01   3.000000E+01   3.000000E+01   3.000000E+01
   3.000000E+31   3.000000E+31   3.000000E+01   3.000000E+01   3.000000E+01   3.000000E+01   3.000000E+01   3.000000E+01   3.000000E+01   3.000000E+01   3.000000E+01   3.000000E+01   3.000000E+01   3.000000E+01   3.000000E+01   3.000000E+01   3.000000E+01   3.000000E+01   3.000000E+01   3.000000E+01
   3.000000E+31   3.000000E+31   3.000000E+31   3.000000E+01   3.000000E+01   3.000000E+01   3.000000E+01   3.000000E+01   3.000000E+01   3.000000E+01   3.000000E+01   3.000000E+01   3.000000E+01   3.000000E+01   3.000000E+01   3.000000E+01   3.000000E+01   3.000000E+01   3.000000E+01   3.000000E+01
   3.000000E+31   3.000000E+31   3.000000E+31   3.000000E+31   3.000000E+01   3.000000E+01   3.000000E+01   3.000000E+01   3.000000E+01   3.000000E+01   3.000000E+01   3.000000E+01   3.000000E+01   3.000000E+01   3.000000E+01   3.000000E+01   3.000000E+01   3.000000E+01   3.000000E+01   3.000000E+31
   3.000000E+31   3.000000E+31   3.000000E+31   3.000000E+31   3.000000E+01   3.000000E+01   3.000000E+01   3.000000E+01   3.000000E+01   3.000000E+01   3.000000E+01   3.000000E+01   3.000000E+01   3.000000E+01   3.000000E+01   3.000000E+01   3.000000E+01   3.000000E+01   3.000000E+01   3.000000E+31
   3.000000E+31   3.000000E+31   3.000000E+31   3.000000E+31   3.000000E+31   3.000000E+01   3.000000E+01   3.000000E+01   3.000000E+01   3.000000E+01   3.000000E+01   3.000000E+01   3.000000E+01   3.000000E+01   3.000000E+01   3.000000E+01   3.000000E+01   3.000000E+01   3.000000E+31   3.000000E+31
   3.000000E+31   3.000000E+31   3.000000E+31   3.000000E+31   3.000000E+31   3.000000E+01   3.000000E+01   3.000000E+01   3.000000E+01   3.000000E+01   3.000000E+01   3.000000E+01   3.000000E+01   3.000000E+01   3.000000E+01   3.000000E+01   3.000000E+01   3.000000E+31   3.000000E+31   3.000000E+31
   3.000000E+31   3.000000E+31   3.000000E+31   3.000000E+31   3.000000E+31   3.000000E+01   3.000000E+01   3.000000E+01   3.000000E+01   3.000000E+01   3.000000E+01   3.000000E+01   3.000000E+01   3.000000E+01   3.000000E+01   3.000000E+01   3.000000E+31   3.000000E+31   3.000000E+31   3.000000E+31
