   3.000000E-01   3.000000E-01   3.000000E-01   3.000000E-01   3.000000E-01   3.000000E-01   3.000000E-01   3.000000E-01   3.000000E-01   3.000000E-01   3.000000E-01   3.000000E-01   3.000000E-01   3.000000E-01   3.000000E-01   3.000000E-01   3.000000E-01   3.000000E-01   3.000000E-01   3.000000E-01
   3.000000E-01   3.000000E-01   3.000000E-01   3.000000E-01   3.000000E-01   3.000000E-01   3.000000E-01   3.000000E-01   3.000000E-01   3.000000E-01   3.000000E-01   3.000000E-01   3.000000E-01   3.000000E-01   3.000000E-01   3.000000E-01   3.000000E-01   3.000000E-01   3.000000E-01   3.000000E-01
   3.000000E-01   3.000000E-01   3.000000E-01   3.000000E-01   3.000000E-01   3.000000E-01   3.000000E-01   3.000000E-01   3.000000E-01   3.000000E-01   3.000000E-01   3.000000E-01   3.000000E-01   3.000000E-01   3.000000E-01   3.000000E-01   3.000000E-01   3.000000E-01   3.000000E-01   3.000000E-01
   3.000000E-01   3.000000E-01   3.000000E-01   3.000000E-01   3.000000E-01   3.000000E-01   3.000000E-01   3.000000E-01   3.000000E-01   3.000000E-01   3.000000E-01   3.000000E-01   3.000000E-01   3.000000E-01   3.000000E-01   3.000000E-01   3.000000E-01   3.000000E-01   3.000000E-01   3.000000E-01
   3.000000E-01   3.000000E-01   3.000000E-01   3.000000E-01   3.000000E-01   3.000000E-01   3.000000E-01   3.000000E-01   3.000000E-01   3.000000E-01   3.000000E-01   3.000000E-01   3.000000E-01   3.000000E-01   3.000000E-01   3.000000E-01   3.000000E-01   3.000000E-01   3.000000E-01   3.000000E-01
   3.000000E-01   3.000000E-01   3.000000E-01   3.000000E-01   3.000000E-01   3.000000E-01   3.000000E-01   3.000000E-01   3.000000E-01   3.000000E-01   3.000000E-01   3.000000E-01   3.000000E-01   3.000000E-01   3.000000E-01   3.000000E-01   3.000000E-01   3.000000E-01   3.000000E-01   3.000000E-01
   3.000000E-01   3.000000E-01   3.000000E-01   3.000000E-01   3.000000E-01   3.000000E-01   3.000000E-01   3.000000E-01   3.000000E-01   3.000000E-01   3.000000E-01   3.000000E-01   3.000000E-01   3.000000E-01   3.000000E-01   3.000000E-01   3.000000E-01   3.000000E-01   3.000000E-01   3.000000E-01
   3.000000E-01   3.000000E-01   3.000000E-01   3.000000E-01   3.000000E-01   3.000000E-01   3.000000E-01   3.000000E-01   3.000000E-01   3.000000E-01   3.000000E-01   3.000000E-01   3.000000E-01   3.000000E-01   3.000000E-01   3.000000E-01   3.000000E-01   3.000000E-01   3.000000E-01   3.000000E-01
   3.000000E-01   3.000000E-01   3.000000E-01   3.000000E-01   3.000000E+29   3.000000E+29   3.000000E+29   3.000000E-01   3.000000E-01   3.000000E-01   3.000000E-01   3.000000E-01   3.000000E-01   3.000000E-01   3.000000E-01   3.000000E-01   3.000000E-01   3.000000E-01   3.000000E-01   3.000000E-01
   3.000000E-01   3.000000E-01   3.000000E-01   3.000000E-01   3.000000E+29   3.000000E+29   3.000000E+29   3.000000E+29   3.000000E-01   3.000000E-01   3.000000E-01   3.000000E-01   3.000000E-01   3.000000E-01   3.000000E-01   3.000000E-01   3.000000E-01   3.000000E-01   3.000000E-01   3.000000E-01
   3.000000E-01   3.000000E-01   3.000000E-01   3.000000E-01   3.000000E+29   3.000000E+29   3.000000E+29   3.000000E+29   3.000000E-01   3.000000E-01   3.000000E-01   3.000000E-01   3.000000E-01   3.000000E-01   3.000000E-01   3.000000E-01   3.000000E-01   3.000000E-01   3.000000E-01   3.000000E-01
   3.000000E-01   3.000000E-01   3.000000E-01   3.000000E-01   3.000000E+29   3.000000E+29   3.000000E+29   3.000000E+29   3.000000E-01   3.000000E-01   3.000000E-01   3.000000E-01   3.000000E-01   3.000000E-01   3.000000E-01   3.000000E-01   3.000000E-01   3.000000E-01   3.000000E-01   3.000000E-01
   3.000000E-01   3.000000E-01   3.000000E-01   3.000000E-01   3.000000E+29   3.000000E+29   3.000000E+29   3.000000E+29   3.000000E-01   3.000000E-01   3.000000E-01   3.000000E-01   3.000000E-01   3.000000E-01   3.000000E-01   3.000000E-01   3.000000E-01   3.000000E-01   3.000000E-01   3.000000E-01
   3.000000E-01   3.000000E-01   3.000000E-01   3.000000E-01   3.000000E+29   3.000000E+29   3.000000E+29   3.000000E+29   3.000000E-01   3.000000E-01   3.000000E-01   3.000000E-01   3.000000E-01   3.000000E-01   3.000000E-01   3.000000E-01   3.000000E-01   3.000000E-01   3.000000E-01   3.000000E-01
   3.000000E-01   3.000000E-01   3.000000E-01   3.000000E-01   3.000000E+29   3.000000E+29   3.000000E+29   3.000000E+29   3.000000E-01   3.000000E-01   3.000000E-01   3.000000E-01   3.000000E-01   3.000000E-01   3.000000E-01   3.000000E-01   3.000000E-01   3.000000E-01   3.000000E-01   3.000000E-01
   3.000000E-01   3.000000E-01   3.000000E-01   3.000000E-01   3.000000E+29   3.000000E+29   3.000000E+29   3.000000E+29   3.000000E-01   3.000000E-01   3.000000E-01   3.000000E-01   3.000000E-01   3.000000E-01   3.000000E-01   3.000000E-01   3.000000E-01   3.000000E-01   3.000000E-01   3.000000E-01
   3.000000E-01   3.000000E-01   3.000000E-01   3.000000E-01   3.000000E+29   3.000000E+29   3.000000E+29   3.000000E+29   3.000000E-01   3.000000E-01   3.000000E-01   3.000000E-01   3.000000E-01   3.000000E-01   3.000000E-01   3.000000E-01   3.000000E-01   3.000000E-01   3.000000E-01   3.000000E-01
   3.000000E-01   3.000000E-01   3.000000E-01   3.000000E-01   3.000000E+29   3.000000E+29   3.000000E+29   3.000000E+29   3.000000E-01   3.000000E-01   3.000000E-01   3.000000E-01   3.000000E-01   3.000000E-01   3.000000E-01   3.000000E-01   3.000000E-01   3.000000E-01   3.000000E-01   3.000000E-01
   3.000000E-01   3.000000E-01   3.000000E-01   3.000000E-01   3.000000E+29   3.000000E+29   3.000000E+29   3.000000E+29   3.000000E-01   3.000000E-01   3.000000E-01   3.000000E-01   3.000000E-01   3.000000E-01   3.000000E-01   3.000000E-01   3.000000E-01   3.000000E-01   3.000000E-01   3.000000E-01
   3.000000E-01   3.000000E-01   3.000000E-01   3.000000E-01   3.000000E+29   3.000000E+29   3.000000E+29   3.000000E+29   3.000000E-01   3.000000E-01   3.000000E-01   3.000000E-01   3.000000E-01   3.000000E-01   3.000000E-01   3.000000E-01   3.000000E-01   3.000000E-01   3.000000E-01   3.000000E-01
   3.000000E-01   3.000000E-01   3.000000E-01   3.000000E-01   3.000000E+29   3.000000E+29   3.000000E+29   3.000000E+29   3.000000E-01   3.000000E-01   3.000000E-01   3.000000E-01   3.000000E-01   3.000000E-01   3.000000E-01   3.000000E-01   3.000000E-01   3.000000E-01   3.000000E-01   3.000000E-01
   3.000000E-01   3.000000E-01   3.000000E-01   3.000000E-01   3.000000E+29   3.000000E+29   3.000000E-01   3.000000E-01   3.000000E-01   3.000000E-01   3.000000E-01   3.000000E-01   3.000000E-01   3.000000E-01   3.000000E-01   3.000000E-01   3.000000E-01   3.000000E-01   3.000000E-01   3.000000E-01
   3.000000E-01   3.000000E-01   3.000000E-01   3.000000E-01   3.000000E-01   3.000000E+29   3.000000E-01   3.000000E-01   3.000000E-01   3.000000E-01   3.000000E-01   3.000000E-01   3.000000E-01   3.000000E-01   3.000000E-01   3.000000E-01   3.000000E-01   3.000000E-01   3.000000E-01   3.000000E-01
   3.000000E-01   3.000000E-01   3.000000E-01   3.000000E-01   3.000000E-01   3.000000E-01   3.000000E-01   3.000000E-01   3.000000E-01   3.000000E-01   3.000000E-01   3.000000E-01   3.000000E-01   3.000000E-01   3.000000E-01   3.000000E-01   3.000000E-01   3.000000E-01   3.000000E-01   3.000000E-01
   3.000000E-01   3.000000E-01   3.000000E-01   3.000000E-01   3.000000E-01   3.000000E-01   3.000000E-01   3.000000E-01   3.000000E-01   3.000000E-01   3.000000E-01   3.000000E-01   3.000000E-01   3.000000E-01   3.000000E-01   3.000000E-01   3.000000E-01   3.000000E-01   3.000000E-01   3.000000E-01
   3.000000E-01   3.000000E-01   3.000000E-01   3.000000E-01   3.000000E-01   3.000000E-01   3.000000E-01   3.000000E-01   3.000000E-01   3.000000E-01   3.000000E-01   3.000000E-01   3.000000E-01   3.000000E-01   3.000000E-01   3.000000E-01   3.000000E-01   3.000000E-01   3.000000E-01   3.000000E-01
   3.000000E-01   3.000000E-01   3.000000E-01   3.000000E-01   3.000000E-01   3.000000E-01   3.000000E-01   3.000000E-01   3.000000E-01   3.000000E-01   3.000000E-01   3.000000E-01   3.000000E-01   3.000000E-01   3.000000E-01   3.000000E-01   3.000000E-01   3.000000E-01   3.000000E-01   3.000000E-01
   3.000000E-01   3.000000E-01   3.000000E-01   3.000000E-01   3.000000E-01   3.000000E-01   3.000000E-01   3.000000E-01   3.000000E-01   3.000000E-01   3.000000E-01   3.000000E-01   3.000000E-01   3.000000E-01   3.000000E-01   3.000000E-01   3.000000E-01   3.000000E-01   3.000000E-01   3.000000E-01
   3.000000E-01   3.000000E-01   3.000000E-01   3.000000E-01   3.000000E-01   3.000000E-01   3.000000E-01   3.000000E-01   3.000000E-01   3.000000E-01   3.000000E-01   3.000000E-01   3.000000E-01   3.000000E-01   3.000000E-01   3.000000E-01   3.000000E-01   3.000000E-01   3.000000E-01   3.000000E-01
   3.000000E-01   3.000000E-01   3.000000E-01   3.000000E-01   3.000000E-01   3.000000E-01   3.000000E-01   3.000000E-01   3.000000E-01   3.000000E-01   3.000000E-01   3.000000E-01   3.000000E-01   3.000000E-01   3.000000E-01   3.000000E-01   3.000000E-01   3.000000E-01   3.000000E-01   3.000000E-01
   3.000000E-01   3.000000E-01   3.000000E-01   3.000000E-01   3.000000E-01   3.000000E-01   3.000000E-01   3.000000E-01   3.000000E-01   3.000000E-01   3.000000E-01   3.000000E-01   3.000000E-01   3.000000E-01   3.000000E-01   3.000000E-01   3.000000E-01   3.000000E-01   3.000000E-01   3.000000E-01
   3.000000E-01   3.000000E-01   3.000000E-01   3.000000E-01   3.000000E-01   3.000000E-01   3.000000E-01   3.000000E-01   3.000000E-01   3.000000E-01   3.000000E-01   3.000000E-01   3.000000E-01   3.000000E-01   3.000000E-01   3.000000E-01   3.000000E-01   3.000000E-01   3.000000E-01   3.000000E-01
   3.000000E+29   3.000000E-01   3.000000E-01   3.000000E-01   3.000000E-01   3.000000E-01   3.000000E-01   3.000000E-01   3.000000E-01   3.000000E-01   3.000000E-01   3.000000E-01   3.000000E-01   3.000000E-01   3.000000E-01   3.000000E-01   3.000000E-01   3.000000E-01   3.000000E-01   3.000000E-01
   3.000000E+29   3.000000E+29   3.000000E-01   3.000000E-01   3.000000E-01   3.000000E-01   3.000000E-01   3.000000E-01   3.000000E-01   3.000000E-01   3.000000E-01   3.000000E-01   3.000000E-01   3.000000E-01   3.000000E-01   3.000000E-01   3.000000E-01   3.000000E-01   3.000000E-01   3.000000E-01
   3.000000E+29   3.000000E+29   3.000000E+29   3.000000E-01   3.000000E-01   3.000000E-01   3.000000E-01   3.000000E-01   3.000000E-01   3.000000E-01   3.000000E-01   3.000000E-01   3.000000E-01   3.000000E-01   3.000000E-01   3.000000E-01   3.000000E-01   3.000000E-01   3.000000E-01   3.000000E-01
   3.000000E+29   3.000000E+29   3.000000E+29   3.000000E+29   3.000000E-01   3.000000E-01   3.000000E-01   3.000000E-01   3.000000E-01   3.000000E-01   3.000000E-01   3.000000E-01   3.000000E-01   3.000000E-01   3.000000E-01   3.000000E-01   3.000000E-01   3.000000E-01   3.000000E-01   3.000000E+29
   3.000000E+29   3.000000E+29   3.000000E+29   3.000000E+29   3.000000E-01   3.000000E-01   3.000000E-01   3.000000E-01   3.000000E-01   3.000000E-01   3.000000E-01   3.000000E-01   3.000000E-01   3.000000E-01   3.000000E-01   3.000000E-01   3.000000E-01   3.000000E-01   3.000000E-01   3.000000E+29
   3.000000E+29   3.000000E+29   3.000000E+29   3.000000E+29   3.000000E+29   3.000000E-01   3.000000E-01   3.000000E-01   3.000000E-01   3.000000E-01   3.000000E-01   3.000000E-01   3.000000E-01   3.000000E-01   3.000000E-01   3.000000E-01   3.000000E-01   3.000000E-01   3.000000E+29   3.000000E+29
   3.000000E+29   3.000000E+29   3.000000E+29   3.000000E+29   3.000000E+29   3.000000E-01   3.000000E-01   3.000000E-01   3.000000E-01   3.000000E-01   3.000000E-01   3.000000E-01   3.000000E-01   3.000000E-01   3.000000E-01   3.000000E-01   3.000000E-01   3.000000E+29   3.000000E+29   3.000000E+29
   3.000000E+29   3.000000E+29   3.000000E+29   3.000000E+29   3.000000E+29   3.000000E-01   3.000000E-01   3.000000E-01   3.000000E-01   3.000000E-01   3.000000E-01   3.000000E-01   3.000000E-01   3.000000E-01   3.000000E-01   3.000000E-01   3.000000E+29   3.000000E+29   3.000000E+29   3.000000E+29
