   3.000000E-02   3.000000E-02   3.000000E-02   3.000000E-02   3.000000E-02   3.000000E-02   3.000000E-02   3.000000E-02   3.000000E-02   3.000000E-02   3.000000E-02   3.000000E-02   3.000000E-02   3.000000E-02   3.000000E-02   3.000000E-02   3.000000E-02   3.000000E-02   3.000000E-02   3.000000E-02
   3.000000E-02   3.000000E-02   3.000000E-02   3.000000E-02   3.000000E-02   3.000000E-02   3.000000E-02   3.000000E-02   3.000000E-02   3.000000E-02   3.000000E-02   3.000000E-02   3.000000E-02   3.000000E-02   3.000000E-02   3.000000E-02   3.000000E-02   3.000000E-02   3.000000E-02   3.000000E-02
   3.000000E-02   3.000000E-02   3.000000E-02   3.000000E-02   3.000000E-02   3.000000E-02   3.000000E-02   3.000000E-02   3.000000E-02   3.000000E-02   3.000000E-02   3.000000E-02   3.000000E-02   3.000000E-02   3.000000E-02   3.000000E-02   3.000000E-02   3.000000E-02   3.000000E-02   3.000000E-02
   3.000000E-02   3.000000E-02   3.000000E-02   3.000000E-02   3.000000E-02   3.000000E-02   3.000000E-02   3.000000E-02   3.000000E-02   3.000000E-02   3.000000E-02   3.000000E-02   3.000000E-02   3.000000E-02   3.000000E-02   3.000000E-02   3.000000E-02   3.000000E-02   3.000000E-02   3.000000E-02
   3.000000E-02   3.000000E-02   3.000000E-02   3.000000E-02   3.000000E-02   3.000000E-02   3.000000E-02   3.000000E-02   3.000000E-02   3.000000E-02   3.000000E-02   3.000000E-02   3.000000E-02   3.000000E-02   3.000000E-02   3.000000E-02   3.000000E-02   3.000000E-02   3.000000E-02   3.000000E-02
   3.000000E-02   3.000000E-02   3.000000E-02   3.000000E-02   3.000000E-02   3.000000E-02   3.000000E-02   3.000000E-02   3.000000E-02   3.000000E-02   3.000000E-02   3.000000E-02   3.000000E-02   3.000000E-02   3.000000E-02   3.000000E-02   3.000000E-02   3.000000E-02   3.000000E-02   3.000000E-02
   3.000000E-02   3.000000E-02   3.000000E-02   3.000000E-02   3.000000E-02   3.000000E-02   3.000000E-02   3.000000E-02   3.000000E-02   3.000000E-02   3.000000E-02   3.000000E-02   3.000000E-02   3.000000E-02   3.000000E-02   3.000000E-02   3.000000E-02   3.000000E-02   3.000000E-02   3.000000E-02
   3.000000E-02   3.000000E-02   3.000000E-02   3.000000E-02   3.000000E-02   3.000000E-02   3.000000E-02   3.000000E-02   3.000000E-02   3.000000E-02   3.000000E-02   3.000000E-02   3.000000E-02   3.000000E-02   3.000000E-02   3.000000E-02   3.000000E-02   3.000000E-02   3.000000E-02   3.000000E-02
   3.000000E-02   3.000000E-02   3.000000E-02   3.000000E-02   3.000000E+28   3.000000E+28   3.000000E+28   3.000000E-02   3.000000E-02   3.000000E-02   3.000000E-02   3.000000E-02   3.000000E-02   3.000000E-02   3.000000E-02   3.000000E-02   3.000000E-02   3.000000E-02   3.000000E-02   3.000000E-02
   3.000000E-02   3.000000E-02   3.000000E-02   3.000000E-02   3.000000E+28   3.000000E+28   3.000000E+28   3.000000E+28   3.000000E-02   3.000000E-02   3.000000E-02   3.000000E-02   3.000000E-02   3.000000E-02   3.000000E-02   3.000000E-02   3.000000E-02   3.000000E-02   3.000000E-02   3.000000E-02
   3.000000E-02   3.000000E-02   3.000000E-02   3.000000E-02   3.000000E+28   3.000000E+28   3.000000E+28   3.000000E+28   3.000000E-02   3.000000E-02   3.000000E-02   3.000000E-02   3.000000E-02   3.000000E-02   3.000000E-02   3.000000E-02   3.000000E-02   3.000000E-02   3.000000E-02   3.000000E-02
   3.000000E-02   3.000000E-02   3.000000E-02   3.000000E-02   3.000000E+28   3.000000E+28   3.000000E+28   3.000000E+28   3.000000E-02   3.000000E-02   3.000000E-02   3.000000E-02   3.000000E-02   3.000000E-02   3.000000E-02   3.000000E-02   3.000000E-02   3.000000E-02   3.000000E-02   3.000000E-02
   3.000000E-02   3.000000E-02   3.000000E-02   3.000000E-02   3.000000E+28   3.000000E+28   3.000000E+28   3.000000E+28   3.000000E-02   3.000000E-02   3.000000E-02   3.000000E-02   3.000000E-02   3.000000E-02   3.000000E-02   3.000000E-02   3.000000E-02   3.000000E-02   3.000000E-02   3.000000E-02
   3.000000E-02   3.000000E-02   3.000000E-02   3.000000E-02   3.000000E+28   3.000000E+28   3.000000E+28   3.000000E+28   3.000000E-02   3.000000E-02   3.000000E-02   3.000000E-02   3.000000E-02   3.000000E-02   3.000000E-02   3.000000E-02   3.000000E-02   3.000000E-02   3.000000E-02   3.000000E-02
   3.000000E-02   3.000000E-02   3.000000E-02   3.000000E-02   3.000000E+28   3.000000E+28   3.000000E+28   3.000000E+28   3.000000E-02   3.000000E-02   3.000000E-02   3.000000E-02   3.000000E-02   3.000000E-02   3.000000E-02   3.000000E-02   3.000000E-02   3.000000E-02   3.000000E-02   3.000000E-02
   3.000000E-02   3.000000E-02   3.000000E-02   3.000000E-02   3.000000E+28   3.000000E+28   3.000000E+28   3.000000E+28   3.000000E-02   3.000000E-02   3.000000E-02   3.000000E-02   3.000000E-02   3.000000E-02   3.000000E-02   3.000000E-02   3.000000E-02   3.000000E-02   3.000000E-02   3.000000E-02
   3.000000E-02   3.000000E-02   3.000000E-02   3.000000E-02   3.000000E+28   3.000000E+28   3.000000E+28   3.000000E+28   3.000000E-02   3.000000E-02   3.000000E-02   3.000000E-02   3.000000E-02   3.000000E-02   3.000000E-02   3.000000E-02   3.000000E-02   3.000000E-02   3.000000E-02   3.000000E-02
   3.000000E-02   3.000000E-02   3.000000E-02   3.000000E-02   3.000000E+28   3.000000E+28   3.000000E+28   3.000000E+28   3.000000E-02   3.000000E-02   3.000000E-02   3.000000E-02   3.000000E-02   3.000000E-02   3.000000E-02   3.000000E-02   3.000000E-02   3.000000E-02   3.000000E-02   3.000000E-02
   3.000000E-02   3.000000E-02   3.000000E-02   3.000000E-02   3.000000E+28   3.000000E+28   3.000000E+28   3.000000E+28   3.000000E-02   3.000000E-02   3.000000E-02   3.000000E-02   3.000000E-02   3.000000E-02   3.000000E-02   3.000000E-02   3.000000E-02   3.000000E-02   3.000000E-02   3.000000E-02
   3.000000E-02   3.000000E-02   3.000000E-02   3.000000E-02   3.000000E+28   3.000000E+28   3.000000E+28   3.000000E+28   3.000000E-02   3.000000E-02   3.000000E-02   3.000000E-02   3.000000E-02   3.000000E-02   3.000000E-02   3.000000E-02   3.000000E-02   3.000000E-02   3.000000E-02   3.000000E-02
   3.000000E-02   3.000000E-02   3.000000E-02   3.000000E-02   3.000000E+28   3.000000E+28   3.000000E+28   3.000000E+28   3.000000E-02   3.000000E-02   3.000000E-02   3.000000E-02   3.000000E-02   3.000000E-02   3.000000E-02   3.000000E-02   3.000000E-02   3.000000E-02   3.000000E-02   3.000000E-02
   3.000000E-02   3.000000E-02   3.000000E-02   3.000000E-02   3.000000E+28   3.000000E+28   3.000000E-02   3.000000E-02   3.000000E-02   3.000000E-02   3.000000E-02   3.000000E-02   3.000000E-02   3.000000E-02   3.000000E-02   3.000000E-02   3.000000E-02   3.000000E-02   3.000000E-02   3.000000E-02
   3.000000E-02   3.000000E-02   3.000000E-02   3.000000E-02   3.000000E-02   3.000000E+28   3.000000E-02   3.000000E-02   3.000000E-02   3.000000E-02   3.000000E-02   3.000000E-02   3.000000E-02   3.000000E-02   3.000000E-02   3.000000E-02   3.000000E-02   3.000000E-02   3.000000E-02   3.000000E-02
   3.000000E-02   3.000000E-02   3.000000E-02   3.000000E-02   3.000000E-02   3.000000E-02   3.000000E-02   3.000000E-02   3.000000E-02   3.000000E-02   3.000000E-02   3.000000E-02   3.000000E-02   3.000000E-02   3.000000E-02   3.000000E-02   3.000000E-02   3.000000E-02   3.000000E-02   3.000000E-02
   3.000000E-02   3.000000E-02   3.000000E-02   3.000000E-02   3.000000E-02   3.000000E-02   3.000000E-02   3.000000E-02   3.000000E-02   3.000000E-02   3.000000E-02   3.000000E-02   3.000000E-02   3.000000E-02   3.000000E-02   3.000000E-02   3.000000E-02   3.000000E-02   3.000000E-02   3.000000E-02
   3.000000E-02   3.000000E-02   3.000000E-02   3.000000E-02   3.000000E-02   3.000000E-02   3.000000E-02   3.000000E-02   3.000000E-02   3.000000E-02   3.000000E-02   3.000000E-02   3.000000E-02   3.000000E-02   3.000000E-02   3.000000E-02   3.000000E-02   3.000000E-02   3.000000E-02   3.000000E-02
   3.000000E-02   3.000000E-02   3.000000E-02   3.000000E-02   3.000000E-02   3.000000E-02   3.000000E-02   3.000000E-02   3.000000E-02   3.000000E-02   3.000000E-02   3.000000E-02   3.000000E-02   3.000000E-02   3.000000E-02   3.000000E-02   3.000000E-02   3.000000E-02   3.000000E-02   3.000000E-02
   3.000000E-02   3.000000E-02   3.000000E-02   3.000000E-02   3.000000E-02   3.000000E-02   3.000000E-02   3.000000E-02   3.000000E-02   3.000000E-02   3.000000E-02   3.000000E-02   3.000000E-02   3.000000E-02   3.000000E-02   3.000000E-02   3.000000E-02   3.000000E-02   3.000000E-02   3.000000E-02
   3.000000E-02   3.000000E-02   3.000000E-02   3.000000E-02   3.000000E-02   3.000000E-02   3.000000E-02   3.000000E-02   3.000000E-02   3.000000E-02   3.000000E-02   3.000000E-02   3.000000E-02   3.000000E-02   3.000000E-02   3.000000E-02   3.000000E-02   3.000000E-02   3.000000E-02   3.000000E-02
   3.000000E-02   3.000000E-02   3.000000E-02   3.000000E-02   3.000000E-02   3.000000E-02   3.000000E-02   3.000000E-02   3.000000E-02   3.000000E-02   3.000000E-02   3.000000E-02   3.000000E-02   3.000000E-02   3.000000E-02   3.000000E-02   3.000000E-02   3.000000E-02   3.000000E-02   3.000000E-02
   3.000000E-02   3.000000E-02   3.000000E-02   3.000000E-02   3.000000E-02   3.000000E-02   3.000000E-02   3.000000E-02   3.000000E-02   3.000000E-02   3.000000E-02   3.000000E-02   3.000000E-02   3.000000E-02   3.000000E-02   3.000000E-02   3.000000E-02   3.000000E-02   3.000000E-02   3.000000E-02
   3.000000E-02   3.000000E-02   3.000000E-02   3.000000E-02   3.000000E-02   3.000000E-02   3.000000E-02   3.000000E-02   3.000000E-02   3.000000E-02   3.000000E-02   3.000000E-02   3.000000E-02   3.000000E-02   3.000000E-02   3.000000E-02   3.000000E-02   3.000000E-02   3.000000E-02   3.000000E-02
   3.000000E+28   3.000000E-02   3.000000E-02   3.000000E-02   3.000000E-02   3.000000E-02   3.000000E-02   3.000000E-02   3.000000E-02   3.000000E-02   3.000000E-02   3.000000E-02   3.000000E-02   3.000000E-02   3.000000E-02   3.000000E-02   3.000000E-02   3.000000E-02   3.000000E-02   3.000000E-02
   3.000000E+28   3.000000E+28   3.000000E-02   3.000000E-02   3.000000E-02   3.000000E-02   3.000000E-02   3.000000E-02   3.000000E-02   3.000000E-02   3.000000E-02   3.000000E-02   3.000000E-02   3.000000E-02   3.000000E-02   3.000000E-02   3.000000E-02   3.000000E-02   3.000000E-02   3.000000E-02
   3.000000E+28   3.000000E+28   3.000000E+28   3.000000E-02   3.000000E-02   3.000000E-02   3.000000E-02   3.000000E-02   3.000000E-02   3.000000E-02   3.000000E-02   3.000000E-02   3.000000E-02   3.000000E-02   3.000000E-02   3.000000E-02   3.000000E-02   3.000000E-02   3.000000E-02   3.000000E-02
   3.000000E+28   3.000000E+28   3.000000E+28   3.000000E+28   3.000000E-02   3.000000E-02   3.000000E-02   3.000000E-02   3.000000E-02   3.000000E-02   3.000000E-02   3.000000E-02   3.000000E-02   3.000000E-02   3.000000E-02   3.000000E-02   3.000000E-02   3.000000E-02   3.000000E-02   3.000000E+28
   3.000000E+28   3.000000E+28   3.000000E+28   3.000000E+28   3.000000E-02   3.000000E-02   3.000000E-02   3.000000E-02   3.000000E-02   3.000000E-02   3.000000E-02   3.000000E-02   3.000000E-02   3.000000E-02   3.000000E-02   3.000000E-02   3.000000E-02   3.000000E-02   3.000000E-02   3.000000E+28
   3.000000E+28   3.000000E+28   3.000000E+28   3.000000E+28   3.000000E+28   3.000000E-02   3.000000E-02   3.000000E-02   3.000000E-02   3.000000E-02   3.000000E-02   3.000000E-02   3.000000E-02   3.000000E-02   3.000000E-02   3.000000E-02   3.000000E-02   3.000000E-02   3.000000E+28   3.000000E+28
   3.000000E+28   3.000000E+28   3.000000E+28   3.000000E+28   3.000000E+28   3.000000E-02   3.000000E-02   3.000000E-02   3.000000E-02   3.000000E-02   3.000000E-02   3.000000E-02   3.000000E-02   3.000000E-02   3.000000E-02   3.000000E-02   3.000000E-02   3.000000E+28   3.000000E+28   3.000000E+28
   3.000000E+28   3.000000E+28   3.000000E+28   3.000000E+28   3.000000E+28   3.000000E-02   3.000000E-02   3.000000E-02   3.000000E-02   3.000000E-02   3.000000E-02   3.000000E-02   3.000000E-02   3.000000E-02   3.000000E-02   3.000000E-02   3.000000E+28   3.000000E+28   3.000000E+28   3.000000E+28
