   1.000000E-02   1.000000E-02   1.000000E-02   1.000000E-02   1.000000E-02   1.000000E-02   1.000000E-02   1.000000E-02   1.000000E-02   1.000000E-02   1.000000E-02   1.000000E-02   1.000000E-02   1.000000E-02   1.000000E-02   1.000000E-02   1.000000E-02   1.000000E-02   1.000000E-02   1.000000E-02
   1.000000E-02   1.000000E-02   1.000000E-02   1.000000E-02   1.000000E-02   1.000000E-02   1.000000E-02   1.000000E-02   1.000000E-02   1.000000E-02   1.000000E-02   1.000000E-02   1.000000E-02   1.000000E-02   1.000000E-02   1.000000E-02   1.000000E-02   1.000000E-02   1.000000E-02   1.000000E-02
   1.000000E-02   1.000000E-02   1.000000E-02   1.000000E-02   1.000000E-02   1.000000E-02   1.000000E-02   1.000000E-02   1.000000E-02   1.000000E-02   1.000000E-02   1.000000E-02   1.000000E-02   1.000000E-02   1.000000E-02   1.000000E-02   1.000000E-02   1.000000E-02   1.000000E-02   1.000000E-02
   1.000000E-02   1.000000E-02   1.000000E-02   1.000000E-02   1.000000E-02   1.000000E-02   1.000000E-02   1.000000E-02   1.000000E-02   1.000000E-02   1.000000E-02   1.000000E-02   1.000000E-02   1.000000E-02   1.000000E-02   1.000000E-02   1.000000E-02   1.000000E-02   1.000000E-02   1.000000E-02
   1.000000E-02   1.000000E-02   1.000000E-02   1.000000E-02   1.000000E-02   1.000000E-02   1.000000E-02   1.000000E-02   1.000000E-02   1.000000E-02   1.000000E-02   1.000000E-02   1.000000E-02   1.000000E-02   1.000000E-02   1.000000E-02   1.000000E-02   1.000000E-02   1.000000E-02   1.000000E-02
   1.000000E-02   1.000000E-02   1.000000E-02   1.000000E-02   1.000000E-02   1.000000E-02   1.000000E-02   1.000000E-02   1.000000E-02   1.000000E-02   1.000000E-02   1.000000E-02   1.000000E-02   1.000000E-02   1.000000E-02   1.000000E-02   1.000000E-02   1.000000E-02   1.000000E-02   1.000000E-02
   1.000000E-02   1.000000E-02   1.000000E-02   1.000000E-02   1.000000E-02   1.000000E-02   1.000000E-02   1.000000E-02   1.000000E-02   1.000000E-02   1.000000E-02   1.000000E-02   1.000000E-02   1.000000E-02   1.000000E-02   1.000000E-02   1.000000E-02   1.000000E-02   1.000000E-02   1.000000E-02
   1.000000E-02   1.000000E-02   1.000000E-02   1.000000E-02   1.000000E-02   1.000000E-02   1.000000E-02   1.000000E-02   1.000000E-02   1.000000E-02   1.000000E-02   1.000000E-02   1.000000E-02   1.000000E-02   1.000000E-02   1.000000E-02   1.000000E-02   1.000000E-02   1.000000E-02   1.000000E-02
   1.000000E-02   1.000000E-02   1.000000E-02   1.000000E-02   1.000000E+28   1.000000E+28   1.000000E+28   1.000000E-02   1.000000E-02   1.000000E-02   1.000000E-02   1.000000E-02   1.000000E-02   1.000000E-02   1.000000E-02   1.000000E-02   1.000000E-02   1.000000E-02   1.000000E-02   1.000000E-02
   1.000000E-02   1.000000E-02   1.000000E-02   1.000000E-02   1.000000E+28   1.000000E+28   1.000000E+28   1.000000E+28   1.000000E-02   1.000000E-02   1.000000E-02   1.000000E-02   1.000000E-02   1.000000E-02   1.000000E-02   1.000000E-02   1.000000E-02   1.000000E-02   1.000000E-02   1.000000E-02
   1.000000E-02   1.000000E-02   1.000000E-02   1.000000E-02   1.000000E+28   1.000000E+28   1.000000E+28   1.000000E+28   1.000000E-02   1.000000E-02   1.000000E-02   1.000000E-02   1.000000E-02   1.000000E-02   1.000000E-02   1.000000E-02   1.000000E-02   1.000000E-02   1.000000E-02   1.000000E-02
   1.000000E-02   1.000000E-02   1.000000E-02   1.000000E-02   1.000000E+28   1.000000E+28   1.000000E+28   1.000000E+28   1.000000E-02   1.000000E-02   1.000000E-02   1.000000E-02   1.000000E-02   1.000000E-02   1.000000E-02   1.000000E-02   1.000000E-02   1.000000E-02   1.000000E-02   1.000000E-02
   1.000000E-02   1.000000E-02   1.000000E-02   1.000000E-02   1.000000E+28   1.000000E+28   1.000000E+28   1.000000E+28   1.000000E-02   1.000000E-02   1.000000E-02   1.000000E-02   1.000000E-02   1.000000E-02   1.000000E-02   1.000000E-02   1.000000E-02   1.000000E-02   1.000000E-02   1.000000E-02
   1.000000E-02   1.000000E-02   1.000000E-02   1.000000E-02   1.000000E+28   1.000000E+28   1.000000E+28   1.000000E+28   1.000000E-02   1.000000E-02   1.000000E-02   1.000000E-02   1.000000E-02   1.000000E-02   1.000000E-02   1.000000E-02   1.000000E-02   1.000000E-02   1.000000E-02   1.000000E-02
   1.000000E-02   1.000000E-02   1.000000E-02   1.000000E-02   1.000000E+28   1.000000E+28   1.000000E+28   1.000000E+28   1.000000E-02   1.000000E-02   1.000000E-02   1.000000E-02   1.000000E-02   1.000000E-02   1.000000E-02   1.000000E-02   1.000000E-02   1.000000E-02   1.000000E-02   1.000000E-02
   1.000000E-02   1.000000E-02   1.000000E-02   1.000000E-02   1.000000E+28   1.000000E+28   1.000000E+28   1.000000E+28   1.000000E-02   1.000000E-02   1.000000E-02   1.000000E-02   1.000000E-02   1.000000E-02   1.000000E-02   1.000000E-02   1.000000E-02   1.000000E-02   1.000000E-02   1.000000E-02
   1.000000E-02   1.000000E-02   1.000000E-02   1.000000E-02   1.000000E+28   1.000000E+28   1.000000E+28   1.000000E+28   1.000000E-02   1.000000E-02   1.000000E-02   1.000000E-02   1.000000E-02   1.000000E-02   1.000000E-02   1.000000E-02   1.000000E-02   1.000000E-02   1.000000E-02   1.000000E-02
   1.000000E-02   1.000000E-02   1.000000E-02   1.000000E-02   1.000000E+28   1.000000E+28   1.000000E+28   1.000000E+28   1.000000E-02   1.000000E-02   1.000000E-02   1.000000E-02   1.000000E-02   1.000000E-02   1.000000E-02   1.000000E-02   1.000000E-02   1.000000E-02   1.000000E-02   1.000000E-02
   1.000000E-02   1.000000E-02   1.000000E-02   1.000000E-02   1.000000E+28   1.000000E+28   1.000000E+28   1.000000E+28   1.000000E-02   1.000000E-02   1.000000E-02   1.000000E-02   1.000000E-02   1.000000E-02   1.000000E-02   1.000000E-02   1.000000E-02   1.000000E-02   1.000000E-02   1.000000E-02
   1.000000E-02   1.000000E-02   1.000000E-02   1.000000E-02   1.000000E+28   1.000000E+28   1.000000E+28   1.000000E+28   1.000000E-02   1.000000E-02   1.000000E-02   1.000000E-02   1.000000E-02   1.000000E-02   1.000000E-02   1.000000E-02   1.000000E-02   1.000000E-02   1.000000E-02   1.000000E-02
   1.000000E-02   1.000000E-02   1.000000E-02   1.000000E-02   1.000000E+28   1.000000E+28   1.000000E+28   1.000000E+28   1.000000E-02   1.000000E-02   1.000000E-02   1.000000E-02   1.000000E-02   1.000000E-02   1.000000E-02   1.000000E-02   1.000000E-02   1.000000E-02   1.000000E-02   1.000000E-02
   1.000000E-02   1.000000E-02   1.000000E-02   1.000000E-02   1.000000E+28   1.000000E+28   1.000000E-02   1.000000E-02   1.000000E-02   1.000000E-02   1.000000E-02   1.000000E-02   1.000000E-02   1.000000E-02   1.000000E-02   1.000000E-02   1.000000E-02   1.000000E-02   1.000000E-02   1.000000E-02
   1.000000E-02   1.000000E-02   1.000000E-02   1.000000E-02   1.000000E-02   1.000000E+28   1.000000E-02   1.000000E-02   1.000000E-02   1.000000E-02   1.000000E-02   1.000000E-02   1.000000E-02   1.000000E-02   1.000000E-02   1.000000E-02   1.000000E-02   1.000000E-02   1.000000E-02   1.000000E-02
   1.000000E-02   1.000000E-02   1.000000E-02   1.000000E-02   1.000000E-02   1.000000E-02   1.000000E-02   1.000000E-02   1.000000E-02   1.000000E-02   1.000000E-02   1.000000E-02   1.000000E-02   1.000000E-02   1.000000E-02   1.000000E-02   1.000000E-02   1.000000E-02   1.000000E-02   1.000000E-02
   1.000000E-02   1.000000E-02   1.000000E-02   1.000000E-02   1.000000E-02   1.000000E-02   1.000000E-02   1.000000E-02   1.000000E-02   1.000000E-02   1.000000E-02   1.000000E-02   1.000000E-02   1.000000E-02   1.000000E-02   1.000000E-02   1.000000E-02   1.000000E-02   1.000000E-02   1.000000E-02
   1.000000E-02   1.000000E-02   1.000000E-02   1.000000E-02   1.000000E-02   1.000000E-02   1.000000E-02   1.000000E-02   1.000000E-02   1.000000E-02   1.000000E-02   1.000000E-02   1.000000E-02   1.000000E-02   1.000000E-02   1.000000E-02   1.000000E-02   1.000000E-02   1.000000E-02   1.000000E-02
   1.000000E-02   1.000000E-02   1.000000E-02   1.000000E-02   1.000000E-02   1.000000E-02   1.000000E-02   1.000000E-02   1.000000E-02   1.000000E-02   1.000000E-02   1.000000E-02   1.000000E-02   1.000000E-02   1.000000E-02   1.000000E-02   1.000000E-02   1.000000E-02   1.000000E-02   1.000000E-02
   1.000000E-02   1.000000E-02   1.000000E-02   1.000000E-02   1.000000E-02   1.000000E-02   1.000000E-02   1.000000E-02   1.000000E-02   1.000000E-02   1.000000E-02   1.000000E-02   1.000000E-02   1.000000E-02   1.000000E-02   1.000000E-02   1.000000E-02   1.000000E-02   1.000000E-02   1.000000E-02
   1.000000E-02   1.000000E-02   1.000000E-02   1.000000E-02   1.000000E-02   1.000000E-02   1.000000E-02   1.000000E-02   1.000000E-02   1.000000E-02   1.000000E-02   1.000000E-02   1.000000E-02   1.000000E-02   1.000000E-02   1.000000E-02   1.000000E-02   1.000000E-02   1.000000E-02   1.000000E-02
   1.000000E-02   1.000000E-02   1.000000E-02   1.000000E-02   1.000000E-02   1.000000E-02   1.000000E-02   1.000000E-02   1.000000E-02   1.000000E-02   1.000000E-02   1.000000E-02   1.000000E-02   1.000000E-02   1.000000E-02   1.000000E-02   1.000000E-02   1.000000E-02   1.000000E-02   1.000000E-02
   1.000000E-02   1.000000E-02   1.000000E-02   1.000000E-02   1.000000E-02   1.000000E-02   1.000000E-02   1.000000E-02   1.000000E-02   1.000000E-02   1.000000E-02   1.000000E-02   1.000000E-02   1.000000E-02   1.000000E-02   1.000000E-02   1.000000E-02   1.000000E-02   1.000000E-02   1.000000E-02
   1.000000E-02   1.000000E-02   1.000000E-02   1.000000E-02   1.000000E-02   1.000000E-02   1.000000E-02   1.000000E-02   1.000000E-02   1.000000E-02   1.000000E-02   1.000000E-02   1.000000E-02   1.000000E-02   1.000000E-02   1.000000E-02   1.000000E-02   1.000000E-02   1.000000E-02   1.000000E-02
   1.000000E+28   1.000000E-02   1.000000E-02   1.000000E-02   1.000000E-02   1.000000E-02   1.000000E-02   1.000000E-02   1.000000E-02   1.000000E-02   1.000000E-02   1.000000E-02   1.000000E-02   1.000000E-02   1.000000E-02   1.000000E-02   1.000000E-02   1.000000E-02   1.000000E-02   1.000000E-02
   1.000000E+28   1.000000E+28   1.000000E-02   1.000000E-02   1.000000E-02   1.000000E-02   1.000000E-02   1.000000E-02   1.000000E-02   1.000000E-02   1.000000E-02   1.000000E-02   1.000000E-02   1.000000E-02   1.000000E-02   1.000000E-02   1.000000E-02   1.000000E-02   1.000000E-02   1.000000E-02
   1.000000E+28   1.000000E+28   1.000000E+28   1.000000E-02   1.000000E-02   1.000000E-02   1.000000E-02   1.000000E-02   1.000000E-02   1.000000E-02   1.000000E-02   1.000000E-02   1.000000E-02   1.000000E-02   1.000000E-02   1.000000E-02   1.000000E-02   1.000000E-02   1.000000E-02   1.000000E-02
   1.000000E+28   1.000000E+28   1.000000E+28   1.000000E+28   1.000000E-02   1.000000E-02   1.000000E-02   1.000000E-02   1.000000E-02   1.000000E-02   1.000000E-02   1.000000E-02   1.000000E-02   1.000000E-02   1.000000E-02   1.000000E-02   1.000000E-02   1.000000E-02   1.000000E-02   1.000000E+28
   1.000000E+28   1.000000E+28   1.000000E+28   1.000000E+28   1.000000E-02   1.000000E-02   1.000000E-02   1.000000E-02   1.000000E-02   1.000000E-02   1.000000E-02   1.000000E-02   1.000000E-02   1.000000E-02   1.000000E-02   1.000000E-02   1.000000E-02   1.000000E-02   1.000000E-02   1.000000E+28
   1.000000E+28   1.000000E+28   1.000000E+28   1.000000E+28   1.000000E+28   1.000000E-02   1.000000E-02   1.000000E-02   1.000000E-02   1.000000E-02   1.000000E-02   1.000000E-02   1.000000E-02   1.000000E-02   1.000000E-02   1.000000E-02   1.000000E-02   1.000000E-02   1.000000E+28   1.000000E+28
   1.000000E+28   1.000000E+28   1.000000E+28   1.000000E+28   1.000000E+28   1.000000E-02   1.000000E-02   1.000000E-02   1.000000E-02   1.000000E-02   1.000000E-02   1.000000E-02   1.000000E-02   1.000000E-02   1.000000E-02   1.000000E-02   1.000000E-02   1.000000E+28   1.000000E+28   1.000000E+28
   1.000000E+28   1.000000E+28   1.000000E+28   1.000000E+28   1.000000E+28   1.000000E-02   1.000000E-02   1.000000E-02   1.000000E-02   1.000000E-02   1.000000E-02   1.000000E-02   1.000000E-02   1.000000E-02   1.000000E-02   1.000000E-02   1.000000E+28   1.000000E+28   1.000000E+28   1.000000E+28
